,AAPL,ABNB,ADBE,ADI,ADP,ADSK,AEP,AMAT,AMD,AMGN,AMZN,ANSS,APP,ARM,ASML,AVGO,AXON,AZN,BIIB,BKNG,BKR,CCEP,CDNS,CDW,CEG,CHTR,CMCSA,COST,CPRT,CRWD,CSCO,CSGP,CSX,CTAS,CTSH,DASH,DDOG,DXCM,EA,EXC,FANG,FAST,FTNT,GEHC,GFS,GILD,GOOG,GOOGL,HON,IDXX,INTC,INTU,ISRG,KDP,KHC,KLAC,LIN,LRCX,LULU,MAR,MCHP,MDB,MDLZ,MELI,META,MNST,MRVL,MSFT,MSTR,MU,NFLX,NVDA,NXPI,ODFL,ON,ORLY,PANW,PAYX,PCAR,PDD,PEP,PLTR,PYPL,QCOM,REGN,ROP,ROST,SBUX,SNPS,TEAM,TMUS,TSLA,TTD,TTWO,TXN,VRSK,VRTX,WBD,WDAY,XEL,ZS
AAPL,0.0,0.48483069243799015,0.3379681585564603,0.2844487760081819,0.263761880064797,0.34294183512737003,0.27275452896481545,0.3641153086450573,0.49760501874150737,0.2825263783621436,0.3569823382904426,0.32498142964096166,0.824489242585365,0.3596005825516617,0.34737327291024733,0.2965759553228376,0.42599310820955594,0.2790315602118455,0.4222823610520701,0.32066570154001994,0.3423979395426046,0.2769800631690402,0.2923718613397368,0.2743791240305139,0.36485508961643254,0.3519799975013616,0.2753524887170338,0.27480006053810374,0.25452371474860624,0.5238699197336227,0.27629004680951685,0.3527996749101067,0.25968243863435153,0.24806566313122094,0.2909329305174958,0.6840387545270551,0.6808113053609036,0.4440221517088125,0.2726763947151644,0.2814449430876982,0.36864219777673723,0.2595604737441589,0.4725535400251633,0.30273003876904125,0.48999865016207944,0.2711349170482626,0.2969014912570952,0.2915808928755598,0.26919261256905097,0.3111029722094804,0.3417622519214082,0.32866965080336674,0.3248158467486432,0.2788076950025674,0.2835812921801345,0.36877839620053393,0.2764447504643169,0.4028509959284844,0.379238112694787,0.2970640047343797,0.34129630088641283,0.7822374236521553,0.2736104862537223,0.6001130688613152,0.5479968935479819,0.2799640055007067,0.5662944770168175,0.24170048274702907,0.9749488623961273,0.3837056865795453,0.5633572937319619,0.519892445637195,0.33513323514890425,0.34254172442778774,0.5098785525687397,0.284951175284034,0.41884289456275625,0.25982274273352246,0.273074098501685,0.9645313371269733,0.27169189570974217,0.7219893216845863,0.4699471520145488,0.3314794043262653,0.3081935461591545,0.24878589738631543,0.35716316858516156,0.2949065031942866,0.30521607198433537,0.6789451222598428,0.27451433247331525,0.5719003857967199,0.7725446799599062,0.36240373234862777,0.25856666771141534,0.25724033561097415,0.29443410546953575,0.5741915035809404,0.3722905966741602,0.26598282450277805,0.6351911331495461
ABNB,0.48483069243799015,0.0,0.4787848928593091,0.46099021709559374,0.5134436027290388,0.4683169926808537,0.5235145811792045,0.4721370235518249,0.4941151386737716,0.5435711382076112,0.4702239374802167,0.4701311501818614,0.7418281611080784,0.608053952446129,0.46511306983188405,0.47685970912371917,0.48352515857678463,0.5101288047525705,0.5783790670407946,0.43500297719339803,0.4788508518753244,0.49492166018457295,0.45786745989545624,0.4888149792825884,0.49537777835940894,0.48871903637183367,0.5126170943367061,0.5118484703814041,0.4741475158165083,0.506651383892842,0.5143276050228437,0.48674236070546456,0.5150003369814293,0.5095232685911236,0.4854967784128409,0.5679862628423845,0.60766126028532,0.493493918328355,0.5268719642041692,0.529397417228469,0.4735188647508049,0.49927117933086657,0.4946065107150913,0.5447209637883906,0.5047312368859519,0.5353440971193997,0.47015427792035464,0.4694851535188777,0.523547205605297,0.46939632109419005,0.4907869219596183,0.4354137227982039,0.48238438500530395,0.5413279866386775,0.5385191220047684,0.4716439831292909,0.5020057964579212,0.47768544780336314,0.4785733160470942,0.4461882986111804,0.4500254713686218,0.686814596370393,0.546004789178377,0.5348083322520344,0.5393419654856735,0.5069944647578495,0.5570756786724599,0.4746336719983143,0.8126123640984704,0.47033232931120394,0.5750072576456445,0.5313455730849386,0.4484595431800761,0.4729847458763189,0.5224884941945478,0.5096296899484404,0.49895086201505445,0.49088225031790117,0.501258362883948,0.8675295988767339,0.5555477748917446,0.6136459306669578,0.49668026500794765,0.4642480954392317,0.5254843987667058,0.5218441216790775,0.4994162238834393,0.48028254843044765,0.4732788952733996,0.572230976054008,0.5197387666223167,0.5441973798160007,0.6841758443163974,0.4913087784213404,0.4941479362195701,0.5034821402734266,0.5132389772987014,0.571037514957612,0.4733844375596956,0.5310227113696809,0.588474266785209
ADBE,0.3379681585564603,0.4787848928593091,0.0,0.33858823486547796,0.36672843669292016,0.3459149666808269,0.3779416566074948,0.38055580363783154,0.46955447945398754,0.38157873437298845,0.3971211251751216,0.3566530606908034,0.7917651706852666,0.46295219272593835,0.3745888672264337,0.35016779529986913,0.43377071011425067,0.3634122999143366,0.46856020354489386,0.37776855537582865,0.3907679419087571,0.37317045027814505,0.33354029692747295,0.35702083185557343,0.406062570759687,0.3725707724582608,0.36413841092941496,0.36952016098191726,0.33314848610411724,0.5064617508635731,0.36864128759639214,0.39752265592603936,0.356934649441316,0.3462595795974917,0.3555837188644832,0.6422227822201646,0.6503089578472808,0.44655773756397277,0.3768605887298579,0.37671510481067083,0.406212702709167,0.359511468524341,0.45116261760826687,0.38526445523586605,0.4861151509143535,0.3773946840913632,0.3641562630729114,0.3629907463346136,0.36883480961420306,0.35469586570018197,0.3806922709581826,0.3510736195472863,0.3754543766755973,0.38248920605741726,0.37909401063082887,0.38061224326040394,0.35957355407639197,0.4065581987801169,0.4130739505217646,0.3554489109659827,0.36697848629817953,0.7100898180600748,0.3807082289614634,0.5765159955592354,0.5213281614374562,0.35381942635964486,0.5464033175091801,0.3188301752313408,0.9311201641713582,0.39832100741814325,0.5516503665981555,0.5025723354163644,0.3640591386373487,0.38490985526442945,0.4988671254433813,0.3720976082921361,0.4377573777874972,0.3463522997052774,0.3763319414133861,0.9147122499635543,0.3886521252557104,0.6808622851790603,0.48267928237900487,0.36531010338706016,0.3723314735314698,0.35642765614174143,0.39277875005029256,0.3629579255230226,0.3264251036308468,0.6151973901840806,0.3710399699039009,0.5691923402220088,0.7494717434659407,0.39055064555657454,0.34440444289552785,0.35708662567408384,0.3812768151782508,0.5631211435511557,0.39356391396232326,0.37578876849449155,0.610384176426426
ADI,0.2844487760081819,0.46099021709559374,0.33858823486547796,0.0,0.2933234995459294,0.3318018323123738,0.3027606626258006,0.3181462993367541,0.4606767503703182,0.30871445518387136,0.3748726047083939,0.30900993294724927,0.8059361888289863,0.39543403478689426,0.31647385390294513,0.2817189326168947,0.41101481713667115,0.29507849798837604,0.43593259566875203,0.31327632676139194,0.34525174008765386,0.3009172863957886,0.2917291802442567,0.26646171738603863,0.36132307949978126,0.3650604206715755,0.3064754453905794,0.3054892039972717,0.2618469352558052,0.5105720123802117,0.29902122351737165,0.3580781505803046,0.2806061969498789,0.28371920256597394,0.31785109613857637,0.6452001394348292,0.6585467104355284,0.4155044637115871,0.30281965636995106,0.30202813931560746,0.365521289825165,0.28136203083204064,0.43962913149563515,0.32201535295707323,0.44668982825872866,0.29994846933440894,0.30262713525216617,0.30143656081011205,0.2921338429730999,0.33188116839974624,0.33465653395217326,0.31417532568942325,0.32088991428575536,0.30504808864866845,0.3066452174515286,0.3169527687601801,0.27614588213987823,0.35891670194673037,0.38856030680646386,0.2926167274223417,0.2503885873802089,0.7590114260436917,0.2943667539353481,0.5825384757294985,0.5262900299571956,0.2912810451922224,0.5354178645936342,0.27528546307215157,0.9697807641592551,0.345325448679991,0.5582676060252464,0.4811718651112827,0.26579992728456686,0.32951949265636643,0.44922274842210624,0.31120974124687223,0.41017013011108605,0.27744494152890237,0.2891809742390378,0.9385301281274804,0.3048196432223741,0.6884898500722892,0.4384601874073315,0.3041958441267833,0.3132771682145661,0.2798034969304517,0.36937451457030235,0.2944685861850585,0.2993025285077097,0.660398393289171,0.30350564953439035,0.5606132293120756,0.751261362940728,0.36896023470573486,0.21671299980310943,0.298434034951768,0.3207956876595531,0.5617932273553478,0.3663561345662828,0.30030755286916255,0.6246965167583701
ADP,0.263761880064797,0.5134436027290388,0.36672843669292016,0.2933234995459294,0.0,0.3637504870967084,0.24697850672327656,0.3883479473234081,0.5344936480467551,0.2513736223329702,0.38146511824515933,0.3459984772991827,0.863848882590899,0.3315031935409267,0.3822094725637974,0.32218915541436083,0.4259205305855748,0.2480053864140068,0.42587699148961494,0.3216238549550663,0.35704748125892644,0.25640545306919627,0.3050521026020202,0.2602742787060228,0.34913478974644124,0.3383742952303436,0.25744052812457097,0.2669603091728872,0.268196517727319,0.556548310826933,0.2520004172496572,0.34417691213918894,0.23931157441874265,0.22024823125433482,0.28120646994076226,0.7176672219536328,0.70864607169854,0.46027870291151357,0.2483541153822554,0.24407785868911921,0.38191950336926844,0.24445221629228447,0.47640560685279554,0.27197721303886796,0.5072462044486146,0.24498828628268465,0.30518767469339986,0.3022647712358367,0.20777814005857081,0.32604999686503466,0.3461492217281381,0.35262213639264123,0.32873001786336914,0.23230515981646563,0.24700496801948593,0.38703640890531626,0.25824296344086317,0.4309534330401347,0.4043415588604912,0.2977082949877775,0.3673568256119023,0.8282913174078222,0.2340587958199968,0.6357566066416743,0.5582629698333024,0.26314195120521444,0.6081431281997497,0.26755196460550335,1.0232441615513597,0.4076956667872948,0.5713444767069288,0.5655915437330756,0.3660127198913077,0.35032301059949267,0.5258228440953379,0.2604505656888929,0.4223258413519839,0.18929133573323248,0.2573374436047398,0.9900517543058618,0.22689199360735132,0.7458531369449372,0.456007607297662,0.36789561226385264,0.28962870538201957,0.2248883299627594,0.3515453648449799,0.2901818325179862,0.3213360492621122,0.7144110107466412,0.24914097160040682,0.5942030960530779,0.7931848460937572,0.344924437589379,0.25438914402288,0.23178679912280056,0.2741159926921323,0.5925057840009509,0.39103438036548044,0.23679753852006283,0.6698113988435126
ADSK,0.34294183512737003,0.4683169926808537,0.3459149666808269,0.3318018323123738,0.3637504870967084,0.0,0.39723392092245635,0.3734376939707208,0.4679174760487041,0.40792354565738775,0.3845019765049568,0.33761197225678413,0.7685652079306559,0.4738635175327958,0.3403332667656978,0.3609355952739995,0.39280221834854834,0.36898742973120224,0.4454400205535483,0.3710033840442341,0.3877754852865736,0.3845059439418012,0.32739900031214086,0.3406653470376659,0.3895886703601985,0.3934763560878099,0.38989592335391104,0.38494041107469307,0.3403999084865029,0.47434954375852645,0.38567416693436557,0.3950217903230438,0.37229793218195745,0.36786813108217403,0.3804590497200464,0.6246225902780733,0.6164494341187446,0.42493364821793816,0.3797123557037642,0.3945569730015779,0.39596732859855027,0.37244628609881025,0.4511340482338053,0.40571560060622386,0.4723025741794132,0.3771995836430965,0.3514690252777726,0.34994603584641415,0.3853514750310143,0.3714875926983304,0.398458040762884,0.32395902639319196,0.3719050708542476,0.4001043415853776,0.39333038574457735,0.3732671249409397,0.36741783002035716,0.4045849206539921,0.3960004940958676,0.357877827850504,0.3585541215773925,0.7240943311644158,0.40422229562345163,0.5567972587854805,0.5265259469011074,0.3736140996200229,0.5355450286963758,0.3435313395451936,0.9153993975127819,0.3968680279560164,0.5629335390183056,0.4966763140434331,0.3715530068060482,0.3654729438279762,0.46933987168614794,0.38367953534825805,0.4319165155578771,0.35750101791996464,0.38146799590134944,0.9041796055197903,0.4084250741011522,0.6744036976575122,0.43649082315994736,0.3655209666414518,0.37404763266967855,0.3689927938251635,0.4109355193196224,0.351350891276118,0.3305453947117722,0.6133678792875582,0.38550349883180773,0.5665948341062074,0.7118170024344371,0.39834520327947326,0.34872776551310014,0.36712465364817476,0.382078015661112,0.5592335013025015,0.3856281233544832,0.3937081087413045,0.5703698914243737
AEP,0.27275452896481545,0.5235145811792045,0.3779416566074948,0.3027606626258006,0.24697850672327656,0.39723392092245635,0.0,0.4183372856102537,0.5567762547281357,0.22054425266240127,0.4185072871933935,0.35254821439851475,0.8855108809615333,0.30734889511660735,0.411255249595712,0.3282276821988151,0.44961023186398436,0.24914045394581175,0.4404360869022089,0.328973280038785,0.3495932794016998,0.2562154965809448,0.3317406380753757,0.2676630270745439,0.37196975237105667,0.3402070832509053,0.24848195587047303,0.25277750146994626,0.2692039453791839,0.5621714705340681,0.24747550152735123,0.36631377575201785,0.22349113307046783,0.22337886706058632,0.2966397474475196,0.7406784359385324,0.7325099261157503,0.48317133048030314,0.23874454956203922,0.18413042008769676,0.3693260342552989,0.23870823953319378,0.4942562593254699,0.24929476539791998,0.5167322730770009,0.22871117160099133,0.33092621265827904,0.32959642637706127,0.21544127528690743,0.34689649362952585,0.3593129658574343,0.38245598069329445,0.352498226297743,0.2088266245763963,0.2200333864579442,0.4142369479381387,0.24544283190354207,0.4608454625159782,0.41599628304908526,0.2908845153726229,0.3888179476728383,0.8536244748061818,0.20227206815547882,0.6540866769956821,0.5866936012257111,0.25348552190992973,0.6345381490528279,0.28893878796710937,1.047897484746699,0.4137650759683798,0.6032963734460898,0.5942984701680908,0.38507220156951666,0.35960260312789705,0.5571541858590714,0.24768903222950484,0.4397251084921617,0.24158530126450564,0.24351178331630935,1.0124297788162986,0.19019574248550752,0.7680582371669656,0.4973419375371645,0.3839101328994537,0.29749740541108965,0.2200933294707941,0.3477017672472431,0.2915788549779427,0.3483634676400663,0.7389393485049864,0.24802049917606583,0.6304660071521689,0.8183183750848189,0.3634788919560314,0.25639867930701926,0.2300987947977579,0.267400233218975,0.6050683417504577,0.4143665883038952,0.13160278784122287,0.6975045710496378
AMAT,0.3641153086450573,0.4721370235518249,0.38055580363783154,0.3181462993367541,0.3883479473234081,0.3734376939707208,0.4183372856102537,0.0,0.41385706430241237,0.4295217796303795,0.40599371670497075,0.3729212646866954,0.7667009577575639,0.5139755787784623,0.287810202072794,0.33129489434201376,0.44067288901130075,0.4034936534378743,0.4869832388603716,0.3774157353083816,0.39595467955504804,0.4093233109521817,0.34831378356412146,0.37961025698376255,0.40493275415603425,0.4061458897776893,0.40014075542301236,0.40377962169579446,0.36576373637409426,0.4886608844998154,0.4057737123987603,0.4271104175045427,0.3890029472870512,0.3959059429457367,0.4038922751818973,0.611045759411141,0.6158221118242355,0.4291455752365834,0.41473631166201963,0.42002240266106006,0.41369925365674604,0.3876448098620306,0.47251132697806725,0.44764991625485623,0.4593351365171316,0.4110801153473633,0.3710374119044157,0.36905215547111203,0.4055666034765094,0.3752659494340799,0.36856489236470225,0.3639894952910239,0.3840592685855001,0.42533151378970385,0.428589886368795,0.23481873089694008,0.3895776654925783,0.22626889631284744,0.40835106281433786,0.3808961879849292,0.2955061368734198,0.718644799474766,0.4275667642990626,0.5572795615992695,0.5370885645769924,0.39717346136073106,0.46292928478752005,0.3550719131517714,0.8947178723742057,0.34504691925100844,0.5531775097391556,0.4418268443364495,0.3048631825310041,0.3863061169734296,0.4060939464295828,0.41345755184287464,0.42698178398714653,0.3891068385502122,0.4072072448461906,0.9136874808158346,0.4413951811037193,0.6395367163220286,0.45334224287477426,0.3254300466018983,0.4185763528641269,0.3984402263519937,0.42406134464823164,0.3975107083001052,0.3490458900538702,0.6287983572453485,0.407619537582522,0.5259481057038669,0.7197823171037709,0.4261529196909455,0.3321809978850617,0.4030115966022666,0.39689156705096734,0.5234522722819175,0.39034871949095756,0.4233219185670972,0.5945401992535787
AMD,0.49760501874150737,0.4941151386737716,0.46955447945398754,0.4606767503703182,0.5344936480467551,0.4679174760487041,0.5567762547281357,0.41385706430241237,0.0,0.5741021850630408,0.4862146563601859,0.465085532378914,0.7375549513991715,0.6348195987975561,0.4256263665074244,0.4553800037184714,0.49622908326881165,0.5303139479592608,0.5878394294889133,0.49862164140246223,0.5085656626226468,0.540516163982447,0.46800813594052376,0.51405376287569,0.5122593521308779,0.534276889025532,0.5455330236777728,0.5397842405153983,0.4853644251714818,0.5112131076500788,0.547115938028985,0.5212858440910598,0.5372399841593476,0.5351590416582712,0.5089967272665286,0.6071825716591199,0.5936181826271715,0.5029361873471276,0.5639565546464166,0.5638234397266876,0.504973060996118,0.5261397917781772,0.5429784087761349,0.5727253587396918,0.47479713098078286,0.5570221713731281,0.4835894705238976,0.48311140012746234,0.5542257314923419,0.49035099144306754,0.46483591098571614,0.4646562601331603,0.4970770099916989,0.5798827124627085,0.5758531405421562,0.42318797491072163,0.5325112668365614,0.4274560503390151,0.49841284190408724,0.5075003869083757,0.4325396392749664,0.6766567790460681,0.5770135586602934,0.5541917988791097,0.5527531947207399,0.5296469329306618,0.4607202089984086,0.4783512305128463,0.8301300755715726,0.4638604656088736,0.5950571507540551,0.4374470305869568,0.4312638648443986,0.4798507146856295,0.46899688442510673,0.5461224194615807,0.5119724570295144,0.5265803799330254,0.543118217373336,0.8663056838899751,0.5858947966560382,0.6143591538834926,0.5096641630638011,0.4369936175244346,0.54343236572161,0.549254286625725,0.5327430675872947,0.5108613072085791,0.4726602772612208,0.6076768544618815,0.5492123643616325,0.5491158802700287,0.6935124838337625,0.5131723898844323,0.488364376983033,0.54340004987839,0.5278591696702412,0.5797012796262351,0.47671108536445567,0.5634753292586209,0.5860061489450651
AMGN,0.2825263783621436,0.5435711382076112,0.38157873437298845,0.30871445518387136,0.2513736223329702,0.40792354565738775,0.22054425266240127,0.4295217796303795,0.5741021850630408,0.0,0.4219979925665627,0.3767565805214496,0.8955560301830419,0.2942766108362624,0.42341607325782854,0.34128318139778474,0.46433538382351125,0.24671807162398954,0.4342331254705936,0.33446728637372064,0.3581196695517314,0.25962689158527225,0.3314849012979275,0.27825740203716737,0.3679353156316113,0.35774187621856196,0.2529982195919845,0.2652973704801607,0.2767758661688918,0.5850390680091094,0.2565866360721462,0.36734683647984767,0.2326519984885777,0.2358187372446441,0.2983878588319624,0.7581193029192301,0.7478423434405792,0.4936364871069442,0.23583874736720614,0.2372131686091424,0.3943832908470805,0.2552334099193286,0.5122380481508055,0.23141115667645482,0.524200801935804,0.2117982871348356,0.34215087045474046,0.338986657247006,0.22718256902468573,0.3566408299532179,0.3695590611363563,0.3945542877777433,0.36910503880263335,0.21232669432690413,0.22824736775247229,0.422458716092838,0.24119183986536794,0.46924498506005763,0.4312769763959866,0.30334065211095157,0.4027313897029307,0.866490177895765,0.20225516753347483,0.6569036610881847,0.5950626491615414,0.2570921766142746,0.6419344468232026,0.298982464801805,1.068341895460578,0.4184200529929271,0.611339135971257,0.5951880445207652,0.39212700919722165,0.37184826249607217,0.5696954004441938,0.25264918685513943,0.44239294191770706,0.2486987430181561,0.24264056711307774,1.0129204098283962,0.19374085419228648,0.7825448261190359,0.5171066045472529,0.39773785485627483,0.28763063328539057,0.22053812923057659,0.36052276828612684,0.2984622216296514,0.3493570040146512,0.7491845196675785,0.2440998639194135,0.6422942245542946,0.8333893288148931,0.36903655857404544,0.2730925858832739,0.2394001473504601,0.28363788878787094,0.6241612017491261,0.43079242331890505,0.2128434178849582,0.7000661789326744
AMZN,0.3569823382904426,0.4702239374802167,0.3971211251751216,0.3748726047083939,0.38146511824515933,0.3845019765049568,0.4185072871933935,0.40599371670497075,0.4862146563601859,0.4219979925665627,0.0,0.38057307956063374,0.7519092296413369,0.47720009164729776,0.3851007920068451,0.3922565356514067,0.4253674422637097,0.39616325802425134,0.47704246875891826,0.38845601091881704,0.41151370341515137,0.4037860519155248,0.3695738351451473,0.38407327527757484,0.4061208147612468,0.4210872335228249,0.40168666903230543,0.39400163385920717,0.3678027055893852,0.4901734369104181,0.4084523463712805,0.37442364829771674,0.3955407549517398,0.3914177816315174,0.37464503546772154,0.6260634057064995,0.6174583742144004,0.4439724326662084,0.39816891081412853,0.40891346492049546,0.41477584379628524,0.3836163080263287,0.4809886959755801,0.41440734708627097,0.48449223121702284,0.4165578555600445,0.3494813733701828,0.34797762114919145,0.41332808402091115,0.3836094377512583,0.39185011692892113,0.354243188193763,0.37030696257660217,0.41731647753735607,0.40659787005686354,0.3987772772705121,0.39834279718477966,0.4211006630234327,0.4227230110748476,0.38541178174900104,0.4004652679272927,0.7133418062415687,0.4186942612749834,0.5397074181195893,0.5313305449692416,0.39954536024594833,0.5374863620074379,0.34661010504759193,0.8853020068855639,0.4199299103694587,0.5145439189410405,0.49706107062407406,0.39430566249268273,0.38610154471495944,0.4914950914949587,0.39265245487851475,0.43698734227831976,0.3803381532935162,0.40009802807137873,0.8716526338407398,0.4306420585046099,0.6385237635981912,0.4458543371234978,0.39617442325507324,0.41734127000948706,0.3937267553759234,0.4004383817681566,0.3913905031578306,0.38838789289194275,0.5911966078553164,0.38603672933673355,0.5315459163851721,0.6817070265639154,0.4167316012274573,0.3753331223843192,0.3862448923022737,0.39555418883649207,0.544561547739881,0.4089491993316453,0.41551588674386025,0.581126458290255
ANSS,0.32498142964096166,0.4701311501818614,0.3566530606908034,0.30900993294724927,0.3459984772991827,0.33761197225678413,0.35254821439851475,0.3729212646866954,0.465085532378914,0.3767565805214496,0.38057307956063374,0.0,0.769852589466957,0.43628345249512573,0.36360061759602713,0.31759190721292396,0.41232779233324496,0.3514957756170486,0.46085027895416897,0.3598134514581977,0.39141617634278814,0.3627009762492445,0.3018716979401673,0.33962652303511215,0.3898010740056846,0.39984178560039324,0.3598237659659912,0.3499678168550672,0.29919195902831386,0.48268076582899017,0.35233445491118215,0.37872441538179785,0.3377112633772257,0.31988335276827373,0.35785047829833794,0.6208274606912004,0.5971881653632052,0.41440727341895134,0.3640515186441677,0.3679036824243085,0.4022759360993178,0.32427492251595175,0.46098499521624337,0.3847158046103707,0.46688162018658447,0.36364921756529195,0.34501935881807744,0.34233587371803326,0.35513038220504384,0.3355720229848616,0.37592965799872446,0.32213789632546924,0.3533562777044812,0.3779561587752342,0.37281055195893537,0.36498465206813635,0.3350050684165256,0.40627441591027563,0.37435528556749925,0.34727388716822805,0.35666160571956673,0.7437700933968482,0.3710684887099817,0.5678089118034697,0.5362216559647298,0.337553938188054,0.5367780025216364,0.32655672338140557,0.9398129966850153,0.3774612575937777,0.535038883224459,0.49527012066480974,0.3580711570911944,0.3595816941704563,0.48974584116409603,0.3545226660796381,0.4101296807118588,0.33511220132433706,0.34992569099176757,0.9155468704533591,0.38001097180454035,0.653236797282628,0.4507808821491943,0.3542168157397661,0.37224713064968185,0.33658652807415973,0.39048907499602015,0.31534051868434143,0.31763310149672375,0.6467211984705491,0.36428012121537384,0.5687571152291316,0.7262124738874558,0.39511697167537335,0.32655532752957184,0.33614792549481565,0.3281663606513151,0.5758257311631816,0.3494027040513699,0.35367544976813925,0.6093248969916449
APP,0.824489242585365,0.7418281611080784,0.7917651706852666,0.8059361888289863,0.863848882590899,0.7685652079306559,0.8855108809615333,0.7667009577575639,0.7375549513991715,0.8955560301830419,0.7519092296413369,0.769852589466957,0.0,0.9136328136903588,0.7554692405067689,0.789753268369283,0.7195791182984888,0.8571988218911608,0.8271612933938189,0.8020924858495365,0.8007248317899539,0.8550427443290277,0.7799240699293245,0.8452493048773034,0.8075414722061918,0.8078754077318975,0.8387755088088595,0.8489083159653339,0.8035243397882041,0.7253568859620604,0.8696911285588469,0.7842590964396915,0.8702293490135501,0.8685623325882716,0.8303536206420914,0.7674449306243899,0.7242171251925008,0.7407916015348398,0.8599817042630561,0.8866581831148374,0.8000908735225342,0.8437510729192238,0.7724704050148226,0.8792209265784244,0.743399309268958,0.8697430168691073,0.7908430098647723,0.7921265816012606,0.8897551554939799,0.7870734994214402,0.7906442038951798,0.7678076251923153,0.7870415742232846,0.9001753491417224,0.8976960956282213,0.7687460249112877,0.8453106320567758,0.7498002128806536,0.7402315269941344,0.8173046819315293,0.772120909572086,0.7542031335480742,0.9022526586107019,0.7445330575110382,0.7314946528820587,0.8300579567843558,0.7086529938257107,0.8001044880968379,0.8995774504337255,0.7776049032852583,0.7949436233812485,0.6924208884512162,0.7843144454242441,0.7819574868175803,0.7688669730062369,0.866226873031199,0.7279899941606057,0.8553849810819416,0.8674601608421367,0.8320352459173298,0.916702224132132,0.7263001564918073,0.7763212701468876,0.7708700483258201,0.823974253942129,0.8773488016476304,0.8197482161096846,0.8084193243860984,0.7802176096187985,0.7437770655294095,0.8669650737202452,0.7649159671598246,0.7191356369934873,0.7827135375009039,0.834930824421693,0.8655466406513685,0.8389405620159706,0.7873831153859672,0.7355107950091149,0.8886679782717654,0.7202508754132078
ARM,0.3596005825516617,0.608053952446129,0.46295219272593835,0.39543403478689426,0.3315031935409267,0.4738635175327958,0.30734889511660735,0.5139755787784623,0.6348195987975561,0.2942766108362624,0.47720009164729776,0.43628345249512573,0.9136328136903588,0.0,0.4954525161879365,0.41654795850831094,0.51417493192381,0.33023407543726724,0.47470340495680796,0.40931276493741764,0.44239239885303994,0.32399959479355434,0.4090349961594046,0.3564875793384053,0.43710882742184026,0.4244676680463186,0.3313864433345114,0.3291805073472243,0.3528084139448532,0.6461074130806166,0.33054925167723925,0.41971925718144953,0.33924223124545516,0.3110818550198853,0.36836337822376203,0.7866512092148185,0.7939410821526859,0.5500552930308638,0.31509122650442917,0.3198273190700746,0.45920979622877794,0.31324737861101815,0.5535096999011401,0.25866978907171484,0.5916722327346114,0.30786402998892526,0.4240344563436691,0.4227438077187611,0.3148557989697201,0.43118450332651737,0.4641480693749875,0.47143755048899044,0.4352733468814131,0.2873717566532425,0.3015313767969347,0.5065981348606154,0.32511323099522327,0.5388630050948292,0.49834835687690326,0.38588075060308547,0.4946198506495289,0.9027739570963057,0.28783754134527595,0.7000561833250923,0.6182818977104899,0.3236485609099712,0.7060907601844653,0.3808051012466942,1.0832371869528004,0.5016074723631619,0.6493318227607613,0.6595953151072893,0.479276692348188,0.4422807401392729,0.6423569767753209,0.3391552026542364,0.5061856338190308,0.33985832843827246,0.32447801532974063,1.041135286268243,0.2782923604470017,0.8226205748095325,0.567668714821448,0.47702699633776946,0.36217681295033166,0.29598025971538017,0.4091084665355817,0.35588193799571244,0.4173066272337562,0.8060751744029081,0.31789747255844786,0.7049806975232314,0.8625477699556521,0.44525135762093165,0.36965243299921496,0.3141811932325796,0.3463313469178769,0.7024633900249202,0.47764945447400875,0.2965383270223768,0.7533684347548709
ASML,0.34737327291024733,0.46511306983188405,0.3745888672264337,0.31647385390294513,0.3822094725637974,0.3403332667656978,0.411255249595712,0.287810202072794,0.4256263665074244,0.42341607325782854,0.3851007920068451,0.36360061759602713,0.7554692405067689,0.4954525161879365,0.0,0.3389813923727908,0.4317769412930682,0.3952885275518244,0.4642325385447588,0.3741577729774311,0.39035451519065223,0.3854896190457376,0.3387118759147509,0.36192252190437185,0.4138415809733961,0.42299755659012017,0.3992066689581374,0.4002337940911314,0.34589489694581466,0.4683797410748755,0.3945467497892916,0.40837356606160397,0.3796817851328368,0.3815557494937701,0.3903282072404718,0.5971450178573665,0.6041238031657726,0.4238741940967105,0.41159563523604326,0.410718212294275,0.3990721228851077,0.38253170186857693,0.46070468954325744,0.4247625722673992,0.4538318865234676,0.39665707634865427,0.3609597883391305,0.35960048267210887,0.39796993878102943,0.37226720094548366,0.3752647472453142,0.3428688262198765,0.36501607402037295,0.42383515039895625,0.42324147168487775,0.2945554628554933,0.37165436910244487,0.31316010023554147,0.4032013543611138,0.3815910077449376,0.30222906169977576,0.7041451281386903,0.42296871903302463,0.5453835810808756,0.525489662121407,0.3838531102040794,0.4859106441381395,0.3460655911436861,0.8977271554383933,0.3632708742513549,0.5425588799252162,0.44380414722259964,0.3189444788080385,0.379157548199169,0.4249818050123946,0.40104687506078474,0.4315625964091133,0.37808103689554257,0.39191739502431433,0.8933815601219072,0.43020712531317956,0.6596743762336099,0.4421087968092428,0.3304446912945933,0.39264539622243666,0.3883392069089657,0.41447497740064726,0.3775777026030519,0.34961946653330916,0.6064684945490583,0.40012549735912106,0.5341533782070048,0.7048978287230271,0.4186738691479702,0.3246815722672432,0.3831351797274228,0.3997288837045485,0.5481308797770493,0.39220070906147275,0.4100934484424692,0.5722160592064532
AVGO,0.2965759553228376,0.47685970912371917,0.35016779529986913,0.2817189326168947,0.32218915541436083,0.3609355952739995,0.3282276821988151,0.33129489434201376,0.4553800037184714,0.34128318139778474,0.3922565356514067,0.31759190721292396,0.789753268369283,0.41654795850831094,0.3389813923727908,0.0,0.42728988267803386,0.3209667180316385,0.45159806316122714,0.34171506535853,0.3673343929747462,0.33299324380403633,0.3031962074213258,0.3179650327377574,0.38178570998722144,0.38032688730782904,0.3206775981719743,0.3280043290642722,0.286028236551995,0.5086110873886923,0.32922583193070787,0.3739194635809441,0.30948507049400675,0.3027820649801605,0.3329623860508621,0.6522189824625351,0.6370940902669898,0.4298938400669643,0.3336476108305658,0.34014895016150887,0.38260447461087294,0.32207678043304677,0.46788672524127334,0.3568356762086772,0.4604444103990017,0.3400274184894563,0.33963505712493014,0.33574686431686984,0.3143921934774281,0.34385024276382986,0.3399660787199572,0.35108631976222154,0.3441891474754297,0.3354302543758144,0.3478138593676448,0.32640913249833564,0.32073824141855906,0.3643026772919271,0.38132082605598244,0.3127469870178233,0.3059269100315294,0.7504576117801245,0.33389664363426186,0.5890644596087116,0.5378655351419609,0.32629368443869033,0.49927915290112657,0.29608087467986005,0.9570532164692521,0.35256513573747805,0.5558333203387424,0.4658302981441248,0.3116804274778189,0.3513281641234998,0.46228504621703076,0.3320340151302272,0.415606912641042,0.31025584449112603,0.31461767006585983,0.939602445941281,0.3486319641738014,0.6602159345476155,0.4697923553760122,0.33470891827477783,0.3516093645735182,0.31159689503427507,0.3885186464922049,0.33458119519946117,0.3084210739912513,0.6586199173904781,0.335950721304167,0.5579265271355383,0.7318810197461856,0.37424763428925684,0.2650882468145929,0.30964462918107344,0.3226266603464734,0.5545576185616954,0.3659956693361303,0.3229937782530455,0.6118899407850127
AXON,0.42599310820955594,0.48352515857678463,0.43377071011425067,0.41101481713667115,0.4259205305855748,0.39280221834854834,0.44961023186398436,0.44067288901130075,0.49622908326881165,0.46433538382351125,0.4253674422637097,0.41232779233324496,0.7195791182984888,0.51417493192381,0.4317769412930682,0.42728988267803386,0.0,0.42113193057025355,0.5108255239911818,0.4011566270771173,0.43329761634340935,0.4345080389327722,0.39862926832649365,0.38898999184945904,0.4352451095260269,0.44965730654513497,0.430970650633702,0.4304566353200575,0.4039635719945828,0.4827591295943463,0.4398112738514977,0.42977195809706215,0.43509585542318857,0.4305843944879899,0.42623000006989054,0.6201262671087698,0.6011508858088768,0.4495074343541622,0.4388096075198196,0.45324740693104054,0.4387840735702996,0.4272332316038859,0.46942890153695854,0.4706468201897276,0.4727002623992166,0.44123624986266846,0.42298944204790306,0.4231078418801976,0.4468688611919699,0.41977619243349673,0.4441633692394135,0.4133738080110505,0.40155876939465324,0.45752691170837617,0.45759613053894954,0.4303388651429673,0.42674449986518076,0.4390393771443444,0.42056808712223104,0.4148389815174926,0.43599697529737264,0.6996269728786298,0.4524817645474898,0.5253825605417686,0.5352255890616054,0.4214928986907648,0.5409925275737683,0.412305098999481,0.8829556104886993,0.4590874389681367,0.5352907520769236,0.49801972959809465,0.4341020553822379,0.41948969121066615,0.5204173413041968,0.4310576597940548,0.4387472260249099,0.43353096486783826,0.42779245480255673,0.8806142800624627,0.4677632866140365,0.636571825759399,0.47377692049671105,0.4333641508598571,0.43397338376856276,0.4359940791753058,0.4268243578988693,0.390946932716573,0.4045036732946417,0.6221222537311899,0.4234412814595199,0.568892733835703,0.674702381008339,0.43780158309004674,0.4338823769206392,0.42701712031384487,0.44164870803886747,0.5722090777748708,0.40530667560873146,0.45006289865361354,0.5737331336812944
AZN,0.2790315602118455,0.5101288047525705,0.3634122999143366,0.29507849798837604,0.2480053864140068,0.36898742973120224,0.24914045394581175,0.4034936534378743,0.5303139479592608,0.24671807162398954,0.39616325802425134,0.3514957756170486,0.8571988218911608,0.33023407543726724,0.3952885275518244,0.3209667180316385,0.42113193057025355,0.0,0.4254215842812038,0.3218088322445998,0.3429839082901541,0.26802839322708977,0.31428435417056144,0.2586010351974843,0.3703950555962881,0.34665548032658666,0.27284510686185265,0.2686174666185998,0.27027930902876285,0.5461890532459602,0.2575589460648048,0.3549939419803312,0.24822000238714373,0.24616355641117021,0.30273311155705435,0.7107096317615297,0.7062178659106643,0.4610281438909451,0.24702356843456033,0.2514490255952213,0.3753159512052038,0.26834699576004006,0.4576649734400702,0.2657302959532313,0.4969651430210828,0.24668892589936348,0.32520499895593463,0.3217350004554403,0.24488641336982597,0.33081187419131003,0.3531168638710808,0.3689208026674364,0.34509793780718306,0.23254834293114354,0.25491058412301887,0.3959796729823232,0.2589533601726797,0.44670465364049927,0.406464473062256,0.29308594127267723,0.38256199122039664,0.8248352699021119,0.2297144021930359,0.6255479162153412,0.5653811086388151,0.254940736875321,0.6176347062387069,0.2854319273083302,1.0286298488054215,0.40072393555071295,0.5891231365729896,0.5695595981093247,0.36737726628210415,0.3545476189507098,0.5396542424370901,0.2601717692940415,0.4223901891484671,0.25600586396618746,0.25789640835478683,0.9910330814903028,0.23146159885353382,0.743231699636304,0.49255189049983145,0.3715015480833285,0.29733660105502624,0.2350180650358786,0.36106521221990495,0.2838581329192069,0.32912361560300313,0.7136139368996767,0.24622042675323424,0.6018611172980513,0.7982241058767087,0.36090222328944194,0.26427584696631945,0.254800122530464,0.2910427643916612,0.5969348288497772,0.3989908524156211,0.24057847244760303,0.6706429239198227
BIIB,0.4222823610520701,0.5783790670407946,0.46856020354489386,0.43593259566875203,0.42587699148961494,0.4454400205535483,0.4404360869022089,0.4869832388603716,0.5878394294889133,0.4342331254705936,0.47704246875891826,0.46085027895416897,0.8271612933938189,0.47470340495680796,0.4642325385447588,0.45159806316122714,0.5108255239911818,0.4254215842812038,0.0,0.47737703710023055,0.4858578167250157,0.45016725346070174,0.44068316425806714,0.429056451996709,0.4187681626199682,0.4809714027598289,0.4266601120551202,0.436709273953593,0.42506725587410726,0.6234540333389582,0.43892194762597353,0.43084540141739275,0.42839177865164485,0.429061660084818,0.4625295478895622,0.7536116414664357,0.7370974639529199,0.48335800568082765,0.42437504565254985,0.4432497903276242,0.4942325472916974,0.43340889996550663,0.5615345529651661,0.45217262557289056,0.5656481760981424,0.3722433988815742,0.4589383142109365,0.45943308503655916,0.43599960322184406,0.439547702216741,0.46069700846648065,0.47182564351617945,0.45636186589383426,0.4394089717501125,0.454386331095239,0.4948074010271023,0.4492046113607971,0.5103941285303576,0.49060244060635183,0.45522431225568477,0.47025759033678094,0.8234779278214547,0.45491163565209014,0.6553301926945565,0.5461770114333961,0.42398297149970565,0.5659537756601878,0.42479643288077795,1.0359874711241859,0.5157384977947851,0.6366278969983273,0.5845204044467607,0.49248247557973335,0.46755942830181924,0.5760148476048581,0.4510256032542469,0.5036423592576278,0.4396573802945474,0.4192060383605032,0.900884493053284,0.4417528952482319,0.741372387766457,0.543571446836475,0.4768687238237823,0.3489383969119041,0.4312468957479457,0.4804949868236153,0.43309367379529323,0.4482211235112796,0.7384260788102276,0.4224867350020993,0.6667572730160906,0.7187869009691623,0.46347661745170965,0.43585891097962903,0.42323380460202537,0.4301515806041763,0.6477586927305429,0.4530412386968592,0.43149797831767034,0.6691417939791683
BKNG,0.32066570154001994,0.43500297719339803,0.37776855537582865,0.31327632676139194,0.3216238549550663,0.3710033840442341,0.328973280038785,0.3774157353083816,0.49862164140246223,0.33446728637372064,0.38845601091881704,0.3598134514581977,0.8020924858495365,0.40931276493741764,0.3741577729774311,0.34171506535853,0.4011566270771173,0.3218088322445998,0.47737703710023055,0.0,0.34966435194982465,0.3022181387779098,0.3320943539914904,0.31930766168386016,0.3665386736454532,0.37162990426600157,0.32146173020972363,0.3239899529242389,0.2944907378095464,0.48662355551925235,0.32737596804533664,0.35833712086463426,0.31941625472116775,0.3169049098066334,0.3185295634510899,0.6435736619437233,0.6536568287035315,0.45243892784546036,0.32801567351619987,0.3260102058057516,0.37733371814130934,0.32222758017627134,0.46397216064869495,0.3351975366977427,0.4736628098157794,0.33377639134395054,0.3450349627475224,0.3407853217581493,0.3180748461714869,0.3625679224848239,0.3741563385858675,0.3415356057363792,0.3557541110603557,0.3211020080864061,0.33129837682666685,0.37049494662379984,0.30307416828601663,0.4080692894906493,0.3856749146855624,0.27803085369182257,0.3606150039460832,0.7494778762392367,0.32272577939560154,0.5438661095852423,0.5471025409117403,0.30722487107447705,0.5707966076410677,0.3204142252856725,0.938071976908467,0.3774749936414249,0.5457048576615426,0.5113480843848969,0.3463583701387593,0.37066899387152,0.4990040861369656,0.31481224631767346,0.42605351145945447,0.32503281314517524,0.3070129677133098,0.9161975314049415,0.33262108344563796,0.6894488922521963,0.47130656394199943,0.3611441267583707,0.35194219796848464,0.30855217232751725,0.35796528939963773,0.32386735797910327,0.34561647398198053,0.6445024451840802,0.3201426761671517,0.5604025518193918,0.7539058543630344,0.3829308690843461,0.31885930826929604,0.31611445920447273,0.329565581058192,0.5736458919674908,0.389187507057661,0.3286578855984732,0.6190837480786762
